0.000e+00 6.354e+02
5.000e-03 5.801e+01
1.000e-02 3.433e+01
1.500e-02 2.567e+01
2.000e-02 2.077e+01
2.500e-02 1.661e+01
3.000e-02 1.285e+01
3.500e-02 9.329e+00
4.000e-02 6.297e+00
4.500e-02 4.358e+00
5.000e-02 2.964e+00
5.500e-02 2.161e+00
6.000e-02 1.641e+00
6.500e-02 1.365e+00
7.000e-02 1.193e+00
7.500e-02 1.151e+00
8.000e-02 1.054e+00
8.500e-02 1.063e+00
9.000e-02 1.041e+00
9.500e-02 1.050e+00
1.000e-01 1.036e+00
1.050e-01 1.069e+00
1.100e-01 1.081e+00
1.150e-01 1.079e+00
1.200e-01 1.064e+00
1.250e-01 1.060e+00
1.300e-01 1.072e+00
1.350e-01 1.073e+00
1.400e-01 1.061e+00
1.450e-01 1.101e+00
1.500e-01 1.091e+00
1.550e-01 1.081e+00
1.600e-01 1.081e+00
1.650e-01 1.074e+00
1.700e-01 1.082e+00
1.750e-01 1.079e+00
1.800e-01 1.068e+00
1.850e-01 1.084e+00
1.900e-01 1.091e+00
1.950e-01 1.073e+00
2.000e-01 1.080e+00
2.050e-01 1.084e+00
2.100e-01 1.075e+00
2.150e-01 1.077e+00
2.200e-01 1.078e+00
2.250e-01 1.070e+00
2.300e-01 1.061e+00
2.350e-01 1.067e+00
2.400e-01 1.075e+00
2.450e-01 1.070e+00
2.500e-01 1.075e+00
2.550e-01 1.056e+00
2.600e-01 1.069e+00
2.650e-01 1.058e+00
2.700e-01 1.055e+00
2.750e-01 1.053e+00
2.800e-01 1.044e+00
2.850e-01 1.051e+00
2.900e-01 1.043e+00
2.950e-01 1.040e+00
3.000e-01 1.022e+00
3.050e-01 1.025e+00
3.100e-01 1.004e+00
3.150e-01 1.000e+00
3.200e-01 9.597e-01
3.250e-01 9.404e-01
3.300e-01 9.224e-01
3.350e-01 9.183e-01
3.400e-01 9.123e-01
3.450e-01 9.065e-01
3.500e-01 9.115e-01
3.550e-01 9.037e-01
3.600e-01 9.005e-01
3.650e-01 8.849e-01
3.700e-01 8.813e-01
3.750e-01 8.730e-01
3.800e-01 8.784e-01
3.850e-01 8.779e-01
3.900e-01 8.932e-01
3.950e-01 8.839e-01
4.000e-01 8.887e-01
4.050e-01 8.817e-01
4.100e-01 8.904e-01
4.150e-01 8.771e-01
4.200e-01 8.575e-01
4.250e-01 8.385e-01
4.300e-01 8.099e-01
4.350e-01 7.854e-01
4.400e-01 7.630e-01
4.450e-01 7.242e-01
4.500e-01 6.698e-01
4.550e-01 6.096e-01
4.600e-01 5.322e-01
4.650e-01 4.600e-01
4.700e-01 3.796e-01
4.750e-01 3.068e-01
4.800e-01 2.392e-01
4.850e-01 1.856e-01
4.900e-01 1.442e-01
4.950e-01 1.156e-01
5.000e-01 9.407e-02
5.050e-01 8.267e-02
5.100e-01 8.123e-02
5.150e-01 8.016e-02
5.200e-01 8.242e-02
5.250e-01 8.453e-02
5.300e-01 8.844e-02
5.350e-01 8.644e-02
5.400e-01 8.224e-02
5.450e-01 7.767e-02
5.500e-01 6.966e-02
5.550e-01 6.269e-02
5.600e-01 4.697e-02
5.650e-01 4.200e-02
5.700e-01 3.338e-02
5.750e-01 2.700e-02
5.800e-01 2.220e-02
5.850e-01 1.961e-02
5.900e-01 1.872e-02
5.950e-01 1.948e-02
6.000e-01 2.138e-02
6.050e-01 2.406e-02
6.100e-01 2.674e-02
6.150e-01 2.885e-02
6.200e-01 3.040e-02
6.250e-01 3.096e-02
6.300e-01 3.038e-02
6.350e-01 2.877e-02
6.400e-01 2.644e-02
6.450e-01 2.363e-02
6.500e-01 1.989e-02
6.550e-01 1.683e-02
6.600e-01 1.369e-02
6.650e-01 1.107e-02
6.700e-01 8.920e-03
6.750e-01 7.721e-03
6.800e-01 7.245e-03
6.850e-01 7.529e-03
6.900e-01 8.501e-03
6.950e-01 9.572e-03
7.000e-01 1.084e-02
7.050e-01 1.220e-02
7.100e-01 1.337e-02
7.150e-01 1.407e-02
7.200e-01 1.436e-02
7.250e-01 1.420e-02
7.300e-01 1.358e-02
7.350e-01 1.255e-02
7.400e-01 1.120e-02
7.450e-01 9.643e-03
7.500e-01 7.976e-03
7.550e-01 6.568e-03
7.600e-01 5.342e-03
7.650e-01 4.389e-03
7.700e-01 4.088e-03
7.750e-01 3.822e-03
7.800e-01 3.867e-03
7.850e-01 4.312e-03
7.900e-01 4.897e-03
7.950e-01 5.605e-03
8.000e-01 6.376e-03
8.050e-01 7.062e-03
8.100e-01 7.264e-03
8.150e-01 7.573e-03
8.200e-01 7.594e-03
8.250e-01 7.277e-03
8.300e-01 7.043e-03
8.350e-01 6.443e-03
8.400e-01 5.692e-03
8.450e-01 4.720e-03
8.500e-01 4.249e-03
8.550e-01 3.549e-03
8.600e-01 2.908e-03
8.650e-01 2.425e-03
8.700e-01 2.149e-03
8.750e-01 2.045e-03
8.800e-01 2.161e-03
8.850e-01 2.412e-03
8.900e-01 2.788e-03
8.950e-01 3.187e-03
9.000e-01 3.605e-03
9.050e-01 4.006e-03
9.100e-01 4.284e-03
9.150e-01 4.435e-03
9.200e-01 4.485e-03
9.250e-01 4.381e-03
9.300e-01 4.151e-03
9.350e-01 3.821e-03
9.400e-01 3.402e-03
9.450e-01 2.943e-03
9.500e-01 2.471e-03
9.550e-01 2.033e-03
9.600e-01 1.698e-03
9.650e-01 1.426e-03
9.700e-01 1.254e-03
9.750e-01 1.201e-03
9.800e-01 1.250e-03
9.850e-01 1.392e-03
9.900e-01 1.587e-03
9.950e-01 1.810e-03
1.000e+00 2.077e-03
1.005e+00 2.309e-03
1.010e+00 2.505e-03
1.015e+00 2.623e-03
1.020e+00 2.654e-03
1.025e+00 2.626e-03
1.030e+00 2.531e-03
1.035e+00 2.347e-03
1.040e+00 2.138e-03
1.045e+00 1.846e-03
1.050e+00 1.598e-03
1.055e+00 1.350e-03
1.060e+00 1.119e-03
1.065e+00 9.496e-04
1.070e+00 8.174e-04
1.075e+00 7.544e-04
1.080e+00 7.570e-04
1.085e+00 8.200e-04
1.090e+00 9.242e-04
1.095e+00 1.060e-03
1.100e+00 1.219e-03
1.105e+00 1.359e-03
1.110e+00 1.496e-03
1.115e+00 1.600e-03
1.120e+00 1.631e-03
1.125e+00 1.659e-03
1.130e+00 1.609e-03
1.135e+00 1.543e-03
1.140e+00 1.418e-03
1.145e+00 1.270e-03
1.150e+00 1.125e-03
1.155e+00 9.594e-04
1.160e+00 8.187e-04
1.165e+00 6.794e-04
1.170e+00 5.736e-04
1.175e+00 5.540e-04
1.180e+00 5.486e-04
1.185e+00 5.643e-04
1.190e+00 6.166e-04
1.195e+00 6.774e-04
1.200e+00 7.213e-04
1.205e+00 8.193e-04
1.210e+00 9.109e-04
1.215e+00 9.936e-04
1.220e+00 1.048e-03
1.225e+00 1.078e-03
1.230e+00 1.078e-03
1.235e+00 1.060e-03
1.240e+00 1.003e-03
1.245e+00 9.150e-04
1.250e+00 8.121e-04
1.255e+00 7.165e-04
1.260e+00 6.198e-04
1.265e+00 5.287e-04
1.270e+00 4.859e-04
1.275e+00 4.261e-04
1.280e+00 3.868e-04
1.285e+00 3.743e-04
1.290e+00 3.886e-04
1.295e+00 4.249e-04
1.300e+00 4.786e-04
1.305e+00 5.416e-04
1.310e+00 6.145e-04
1.315e+00 6.769e-04
1.320e+00 6.789e-04
1.325e+00 6.985e-04
1.330e+00 7.251e-04
1.335e+00 7.109e-04
1.340e+00 6.988e-04
1.345e+00 6.566e-04
1.350e+00 6.071e-04
1.355e+00 5.652e-04
1.360e+00 5.239e-04
1.365e+00 4.506e-04
1.370e+00 3.871e-04
1.375e+00 3.297e-04
1.380e+00 2.902e-04
1.385e+00 2.661e-04
1.390e+00 2.620e-04
1.395e+00 2.738e-04
1.400e+00 2.986e-04
1.405e+00 3.373e-04
1.410e+00 3.805e-04
1.415e+00 4.287e-04
1.420e+00 4.700e-04
1.425e+00 5.060e-04
1.430e+00 5.294e-04
1.435e+00 5.417e-04
1.440e+00 5.392e-04
1.445e+00 5.215e-04
1.450e+00 4.930e-04
1.455e+00 4.564e-04
1.460e+00 4.100e-04
1.465e+00 3.597e-04
1.470e+00 3.097e-04
1.475e+00 2.680e-04
